<?xml version="1.0"?>
<opencv_storage>
<calibration_time>"Tue Dec 13 11:20:55 2022"</calibration_time>
<nr_of_frames>15</nr_of_frames>
<image_width>1280</image_width>
<image_height>720</image_height>
<board_width>7</board_width>
<board_height>5</board_height>
<square_size>4.1299999237060547e+01</square_size>
<fix_aspect_ratio>1.</fix_aspect_ratio>
<!-- flags: +fix_aspectRatio +fix_principal_point +zero_tangent_dist -->
<flags>14</flags>
<fisheye_model>0</fisheye_model>
<camera_matrix type_id="opencv-matrix">
  <rows>3</rows>
  <cols>3</cols>
  <dt>d</dt>
  <data>
    8.4853117539872062e+02 0. 6.3950000000000000e+02 0.
    8.4853117539872062e+02 3.5950000000000000e+02 0. 0. 1.</data></camera_matrix>
<distortion_coefficients type_id="opencv-matrix">
  <rows>5</rows>
  <cols>1</cols>
  <dt>d</dt>
  <data>
    1.5971715887123378e-01 -6.1045779426294378e-01 0. 0.
    8.5262249761470854e-01</data></distortion_coefficients>
<avg_reprojection_error>5.2874946538704726e-01</avg_reprojection_error>
<per_view_reprojection_errors type_id="opencv-matrix">
  <rows>15</rows>
  <cols>1</cols>
  <dt>f</dt>
  <data>
    4.49106157e-01 5.81236362e-01 5.42254686e-01 7.86455929e-01
    3.29543382e-01 8.00300241e-01 5.48311293e-01 5.27014315e-01
    6.35177612e-01 5.84983468e-01 4.89403009e-01 3.12290341e-01
    3.85835439e-01 2.76470512e-01 3.25706035e-01</data></per_view_reprojection_errors>
<!-- a set of 6-tuples (rotation vector + translation vector) for each view -->
<extrinsic_parameters type_id="opencv-matrix">
  <rows>15</rows>
  <cols>6</cols>
  <dt>d</dt>
  <data>
    -6.0554652109577584e-02 3.2691526552001132e-01
    3.5526466939370166e-01 -1.6971723464308741e+02
    -1.6766319136242126e+02 5.5564934272073344e+02
    -2.8331620017182282e-02 9.6416996845140712e-01
    1.7184262358982805e-01 3.9292745243457276e+01
    -1.2570307344423776e+02 6.3942778919121997e+02
    2.8762252907124525e-01 -7.8930408613513392e-01
    -1.3014416620314589e-01 -3.0654946781201772e+02
    1.0484140054674683e+01 5.1358144082819069e+02
    -9.7742453693133599e-02 -7.5924449579177100e-01
    1.8256149290276455e-01 -9.2482554142518993e+01
    -8.1114722284353249e+01 3.8837144073963316e+02
    2.5755096493992441e-01 -8.0294009092010321e-01
    -9.6533967521763422e-02 -2.6970205063551697e+02
    2.5589239751002982e+01 5.0783715062318799e+02
    -1.7843005638349671e-01 1.9341002499430987e-01
    -1.3519792498710984e-01 -8.1036215482681200e+01
    -6.6323033350371588e+01 5.4580717985991294e+02
    -1.3288519999777348e-01 6.1027037352174496e-01
    -9.6585706085635367e-02 1.8277815444832786e+01
    -5.8980946164709287e+01 6.5312603566061978e+02
    -1.4154305338007866e-01 6.5928306163386807e-01
    -9.8098601895930240e-02 -1.3412521678592778e+01
    -4.6705619193251898e+01 6.9094611491404271e+02
    -7.3733973850107312e-02 7.7618459873084145e-01
    -8.0173231308532031e-02 -1.1522832804401536e+02
    -7.0665787583096531e+01 6.0264105544203665e+02
    -6.7453229591820277e-02 8.6410410905354540e-01
    -4.3869105193633219e-02 -7.7468031631536832e+01
    -8.0881066901623441e+01 6.1161133902183212e+02
    -2.0629918923733389e-02 8.3898435069912869e-01
    -5.1089531932839480e-02 -9.1919384296811529e+01
    -8.6984879570404814e+01 6.0126960210501306e+02
    2.6300011126420264e-01 5.9771329096487136e-01
    -2.8795500626360441e-02 -1.7888371262031464e+02
    -1.1303604649561566e+02 6.0988780547921226e+02
    6.0344968108306429e-01 6.1651141840644674e-01
    -8.0690664435351875e-02 -1.6251826747292279e+02
    -9.6553497951523781e+01 5.9327866301771280e+02
    6.0148434598007849e-01 6.7190182291534650e-01
    -9.3641973346915680e-02 -1.5310072694368861e+02
    -8.9073104043774904e+01 5.9765847929581150e+02
    7.1959506623166247e-01 8.3071905325883433e-01
    -1.1681201601297077e-01 -1.5821130895289801e+02
    -8.4698844568540366e+01 5.3056799955035467e+02</data></extrinsic_parameters>
<image_points type_id="opencv-matrix">
  <rows>15</rows>
  <cols>35</cols>
  <dt>"2f"</dt>
  <data>
    3.77561829e+02 1.00252731e+02 4.28601898e+02 1.15506355e+02
    4.82650909e+02 1.31662750e+02 5.39591919e+02 1.49236282e+02
    5.99211731e+02 1.67415085e+02 6.61917664e+02 1.86591370e+02
    7.27833252e+02 2.06292282e+02 3.54726501e+02 1.59626114e+02
    4.05727997e+02 1.76704620e+02 4.59548523e+02 1.94569504e+02
    5.16078125e+02 2.13706161e+02 5.75347961e+02 2.33623779e+02
    6.37139954e+02 2.54307297e+02 7.02264954e+02 2.75866272e+02
    3.32468964e+02 2.19569870e+02 3.82677460e+02 2.37969421e+02
    4.36049744e+02 2.57435059e+02 4.92295441e+02 2.77945465e+02
    5.51032837e+02 2.99246552e+02 6.12415100e+02 3.21506439e+02
    6.76731812e+02 3.44665283e+02 3.09678772e+02 2.79402161e+02
    3.59498047e+02 2.99320648e+02 4.12388092e+02 3.20216797e+02
    4.68078369e+02 3.41947113e+02 5.26448730e+02 3.64831787e+02
    5.87327515e+02 3.88748596e+02 6.51024963e+02 4.13948639e+02
    2.86882294e+02 3.39306000e+02 3.36404388e+02 3.60717468e+02
    3.88474304e+02 3.82968872e+02 4.43467377e+02 4.06554382e+02
    5.01322571e+02 4.30839508e+02 5.61744141e+02 4.56713348e+02
    6.25427063e+02 4.83835999e+02 6.92710815e+02 1.92427155e+02
    7.27850830e+02 1.90576706e+02 7.67271057e+02 1.88389542e+02
    8.11934509e+02 1.85981979e+02 8.62528442e+02 1.83139832e+02
    9.21313782e+02 1.80206924e+02 9.88522644e+02 1.76856384e+02
    6.83357056e+02 2.46661179e+02 7.17931274e+02 2.48296692e+02
    7.56635620e+02 2.49414749e+02 8.00529419e+02 2.51148773e+02
    8.50658813e+02 2.52674423e+02 9.08171448e+02 2.54723114e+02
    9.74541626e+02 2.57288910e+02 6.74481445e+02 3.00731201e+02
    7.08251587e+02 3.05147827e+02 7.46179810e+02 3.10025513e+02
    7.88986023e+02 3.15442871e+02 8.38400818e+02 3.21633606e+02
    8.95228455e+02 3.28775116e+02 9.60375122e+02 3.37070129e+02
    6.65341980e+02 3.54334656e+02 6.98535461e+02 3.61685883e+02
    7.36035217e+02 3.70103668e+02 7.78178772e+02 3.79485657e+02
    8.26432495e+02 3.90177338e+02 8.82236084e+02 4.02438141e+02
    9.46347107e+02 4.16665436e+02 6.56243591e+02 4.07840454e+02
    6.89116211e+02 4.18363464e+02 7.25838684e+02 4.30104340e+02
    7.67297058e+02 4.43400085e+02 8.14776672e+02 4.58557678e+02
    8.69623352e+02 4.76091034e+02 9.32557312e+02 4.95914062e+02
    1.25079781e+02 3.77049622e+02 1.97863556e+02 3.61830811e+02
    2.64262421e+02 3.47914062e+02 3.23542175e+02 3.35526733e+02
    3.77598724e+02 3.24120667e+02 4.26809570e+02 3.13598572e+02
    4.72370087e+02 3.04248657e+02 1.37274689e+02 4.41199677e+02
    2.08243866e+02 4.22690002e+02 2.72631165e+02 4.05839691e+02
    3.30430756e+02 3.90847870e+02 3.83060211e+02 3.77191895e+02
    4.31580780e+02 3.64627655e+02 4.75944733e+02 3.52952301e+02
    1.48883896e+02 5.02246277e+02 2.17770218e+02 4.81245972e+02
    2.80605713e+02 4.61815582e+02 3.36923157e+02 4.44641510e+02
    3.88579803e+02 4.28517426e+02 4.35898346e+02 4.13836487e+02
    4.79637115e+02 4.00391083e+02 1.60018250e+02 5.61113647e+02
    2.26936035e+02 5.37508179e+02 2.88020142e+02 5.15667603e+02
    3.43497101e+02 4.96100433e+02 3.93807037e+02 4.78241180e+02
    4.40145477e+02 4.61553650e+02 4.82909454e+02 4.46312531e+02
    1.71414764e+02 6.17304810e+02 2.35613907e+02 5.91612793e+02
    2.95439056e+02 5.67580811e+02 3.49671539e+02 5.45836792e+02
    3.99013306e+02 5.26260315e+02 4.44178314e+02 5.08134033e+02
    4.86046967e+02 4.91049438e+02 4.35809357e+02 1.81131927e+02
    5.10654083e+02 2.10598373e+02 5.75420898e+02 2.36272079e+02
    6.31800293e+02 2.58606354e+02 6.81809937e+02 2.78155182e+02
    7.25899658e+02 2.95491547e+02 7.66526794e+02 3.11340759e+02
    4.20662323e+02 2.68222565e+02 4.97680756e+02 2.92218140e+02
    5.64176819e+02 3.12626892e+02 6.22010010e+02 3.30344208e+02
    6.73118835e+02 3.46095642e+02 7.18777405e+02 3.60069794e+02
